robot_link_radius: 0.05
sample_states: [[0.0, 0.0, 0.0, 0.0, 0.0, 0.0],
                [3.806353659089643, 0.6597344572538999, 0.5749114556069701, -0.11435397259067592, 3.7309554354034855, 2.8990617007328527]]
training_states: [[-0.2865132500074079, 5.456318120755112, -2.741353749522634, -4.868211976003064, 1.964123727024468, -1.6260883574981841]]
problem_states: [[4.68725623915628, -2.9732032873575758, -2.705539593271708, -5.1371323071503685, 2.5245838564249237, 6.059503910244391]]
boxes:
spheres:
  - name: wrist_1
    parameters: .045
    coordinate_frame: 5
    rotation: [0,0,0]
    translation: [0,0,-0.02]
  - name: wrist_2
    parameters: .045
    coordinate_frame: 6
    rotation: [0,0,0]
    translation: [-0.02,0,0]
  - name: wrist_3
    parameters: .05
    coordinate_frame: 7
    rotation: [0,0,0]
    translation: [0.02,0,0]
ellipsoids:
capsules:
cylinders:
